11
20
0.346642 0.20163
0.444356 0.295928
0.538356 0.042983
0.918197 0.034001
0.534129 0.3309
0.678678 0.341668
0.769973 0.578601
0.727337 0.621734
0.620104 0.776682
0.703615 0.760713
0.80791 0.843484
0.803499 0.913669
0.770928 0.887912
0.456505 0.891551
0.141849 0.967255
0.319361 0.621182
0.161224 0.630553
0.186138 0.59921
0.223972 0.619035
0.091791 0.322162
0.346642 0.20163
3
0.161224 0.630553
0.223972 0.619035
0.186138 0.59921
0.161224 0.630553
3
0.456505 0.891551
0.319361 0.621182
0.141849 0.967255
0.456505 0.891551
4
0.703615 0.760713
0.770928 0.887912
0.803499 0.913669
0.80791 0.843484
0.703615 0.760713
4
0.534129 0.3309
0.727337 0.621734
0.769973 0.578601
0.678678 0.341668
0.534129 0.3309
4
0.444356 0.295928
0.534129 0.3309
0.918197 0.034001
0.538356 0.042983
0.444356 0.295928
5
0.223972 0.619035
0.319361 0.621182
0.444356 0.295928
0.346642 0.20163
0.091791 0.322162
0.223972 0.619035
3
0.319361 0.621182
0.223972 0.619035
0.161224 0.630553
0.319361 0.621182
4
0.770928 0.887912
0.620104 0.776682
0.319361 0.621182
0.456505 0.891551
0.770928 0.887912
3
0.620104 0.776682
0.770928 0.887912
0.703615 0.760713
0.620104 0.776682
5
0.444356 0.295928
0.319361 0.621182
0.620104 0.776682
0.727337 0.621734
0.534129 0.3309
0.444356 0.295928
